{
 "cells": [
  {
   "cell_type": "markdown",
   "id": "728d5fc7-bdd8-4812-ac45-0a8ef46a8d73",
   "metadata": {},
   "source": [
    "## 7.3 Linear Algebra Operations"
   ]
  },
  {
   "cell_type": "code",
   "execution_count": 5,
   "id": "07eda2b9-17b5-4517-8b58-0fe2035f330a",
   "metadata": {},
   "outputs": [
    {
     "name": "stdout",
     "output_type": "stream",
     "text": [
      "tensor([[ 1.3522,  0.6748, -0.1317,  1.0306],\n",
      "        [ 1.5040, -0.7274,  0.6001,  0.6641],\n",
      "        [ 0.4045,  0.1917,  1.4517,  0.2310],\n",
      "        [ 0.2179, -0.9863, -0.0989,  2.4155]])\n",
      "Time it rand was : 0.0020s\n"
     ]
    }
   ],
   "source": [
    "import torch\n",
    "import time\n",
    "\n",
    "start=time.time();\n",
    "A=torch.randn(4, 4)\n",
    "print(A)\n",
    "print(f\"Time it rand was : {time.time() - start:.4f}s\")"
   ]
  },
  {
   "cell_type": "code",
   "execution_count": 8,
   "id": "d4e17028-1bc1-4d10-8fcf-5aba446e2a98",
   "metadata": {},
   "outputs": [
    {
     "name": "stdout",
     "output_type": "stream",
     "text": [
      "The determinant of A is: -7.648015022277832\n",
      "The inverse of A is: tensor([[ 0.2672,  0.5137, -0.2041, -0.2357],\n",
      "        [ 0.5904, -0.5920,  0.2903, -0.1169],\n",
      "        [-0.1858, -0.0190,  0.6811,  0.0193],\n",
      "        [ 0.2094, -0.2888,  0.1648,  0.3883]])\n"
     ]
    }
   ],
   "source": [
    "# Determinant\n",
    "det=torch.linalg.det(A);\n",
    "# inverse\n",
    "A_inv=torch.linalg.inv(A)\n",
    "print(f\"The determinant of A is: {det}\");\n",
    "print(f\"The inverse of A is: {A_inv}\")"
   ]
  },
  {
   "cell_type": "code",
   "execution_count": 11,
   "id": "be73beb4-3d0a-4a4a-a151-1b682424f821",
   "metadata": {},
   "outputs": [
    {
     "name": "stdout",
     "output_type": "stream",
     "text": [
      "The value of eigen vector is: tensor([-1.1467+0.0000j,  1.2875+0.0000j,  2.1756+0.6682j,  2.1756-0.6682j])\n"
     ]
    }
   ],
   "source": [
    "eigenvalues, eigenvectors=torch.linalg.eig(A)\n",
    "print(f\"The value of eigen vector is: {eigenvalues}\")"
   ]
  },
  {
   "cell_type": "code",
   "execution_count": 13,
   "id": "dbbd1b36-2d2d-4ccf-b03b-6b1908f6d351",
   "metadata": {},
   "outputs": [
    {
     "data": {
      "text/plain": [
       "tensor([[-0.4240, -0.3233,  0.7776, -0.3333],\n",
       "        [-0.4913, -0.4374, -0.1319,  0.7415],\n",
       "        [-0.1695, -0.5794, -0.5715, -0.5558],\n",
       "        [-0.7417,  0.6070, -0.2265, -0.1737]])"
      ]
     },
     "execution_count": 13,
     "metadata": {},
     "output_type": "execute_result"
    }
   ],
   "source": [
    "# Singular Value Decomposition (SVD)\n",
    "# Used in attention mechanisms, dimensionality reduction\n",
    "U, S, Vh = torch.linalg.svd(A)\n",
    "U"
   ]
  },
  {
   "cell_type": "code",
   "execution_count": 18,
   "id": "27a6f1ad-e4e0-4759-a425-5e3d19549bf7",
   "metadata": {},
   "outputs": [
    {
     "data": {
      "text/plain": [
       "tensor(4.0226)"
      ]
     },
     "execution_count": 18,
     "metadata": {},
     "output_type": "execute_result"
    }
   ],
   "source": [
    "torch.linalg.norm(A) # Frobenius norm of matrix"
   ]
  },
  {
   "cell_type": "code",
   "execution_count": 19,
   "id": "0deff389-b47e-4001-8c3c-d2997a9312b7",
   "metadata": {},
   "outputs": [
    {
     "data": {
      "text/plain": [
       "tensor([1.8339, 1.8953, 1.5367, 2.6201])"
      ]
     },
     "execution_count": 19,
     "metadata": {},
     "output_type": "execute_result"
    }
   ],
   "source": [
    "torch.linalg.norm(A, dim=1)  # l2 norm of each row"
   ]
  },
  {
   "cell_type": "code",
   "execution_count": 22,
   "id": "55e6b6b4-1733-4b64-a12f-dc6cfdc71a96",
   "metadata": {},
   "outputs": [
    {
     "data": {
      "text/plain": [
       "tensor([-0.1979,  0.3047, -0.6406,  0.3949])"
      ]
     },
     "execution_count": 22,
     "metadata": {},
     "output_type": "execute_result"
    }
   ],
   "source": [
    "# solve linear system : Ax=b\n",
    "b=torch.randn(4)\n",
    "x=torch.linalg.solve(A, b)\n",
    "x"
   ]
  },
  {
   "cell_type": "code",
   "execution_count": null,
   "id": "ea9ce850-9716-436d-9cd2-8050ae31f6fa",
   "metadata": {},
   "outputs": [],
   "source": []
  }
 ],
 "metadata": {
  "kernelspec": {
   "display_name": "Python (deeplearning)",
   "language": "python",
   "name": "deeplearning"
  },
  "language_info": {
   "codemirror_mode": {
    "name": "ipython",
    "version": 3
   },
   "file_extension": ".py",
   "mimetype": "text/x-python",
   "name": "python",
   "nbconvert_exporter": "python",
   "pygments_lexer": "ipython3",
   "version": "3.10.20"
  }
 },
 "nbformat": 4,
 "nbformat_minor": 5
}
