{
 "cells": [
  {
   "cell_type": "markdown",
   "id": "728d5fc7-bdd8-4812-ac45-0a8ef46a8d73",
   "metadata": {},
   "source": [
    "## 7.3 Linear Algebra Operations"
   ]
  },
  {
   "cell_type": "code",
   "execution_count": 5,
   "id": "07eda2b9-17b5-4517-8b58-0fe2035f330a",
   "metadata": {},
   "outputs": [
    {
     "name": "stdout",
     "output_type": "stream",
     "text": [
      "tensor([[ 1.3522,  0.6748, -0.1317,  1.0306],\n",
      "        [ 1.5040, -0.7274,  0.6001,  0.6641],\n",
      "        [ 0.4045,  0.1917,  1.4517,  0.2310],\n",
      "        [ 0.2179, -0.9863, -0.0989,  2.4155]])\n",
      "Time it rand was : 0.0020s\n"
     ]
    }
   ],
   "source": [
    "import torch\n",
    "import time\n",
    "\n",
    "start=time.time();\n",
    "A=torch.randn(4, 4)\n",
    "print(A)\n",
    "print(f\"Time it rand was : {time.time() - start:.4f}s\")"
   ]
  },
  {
   "cell_type": "code",
   "execution_count": 8,
   "id": "d4e17028-1bc1-4d10-8fcf-5aba446e2a98",
   "metadata": {},
   "outputs": [
    {
     "name": "stdout",
     "output_type": "stream",
     "text": [
      "The determinant of A is: -7.648015022277832\n",
      "The inverse of A is: tensor([[ 0.2672,  0.5137, -0.2041, -0.2357],\n",
      "        [ 0.5904, -0.5920,  0.2903, -0.1169],\n",
      "        [-0.1858, -0.0190,  0.6811,  0.0193],\n",
      "        [ 0.2094, -0.2888,  0.1648,  0.3883]])\n"
     ]
    }
   ],
   "source": [
    "# Determinant\n",
    "det=torch.linalg.det(A);\n",
    "# inverse\n",
    "A_inv=torch.linalg.inv(A)\n",
    "print(f\"The determinant of A is: {det}\");\n",
    "print(f\"The inverse of A is: {A_inv}\")"
   ]
  },
  {
   "cell_type": "code",
   "execution_count": null,
   "id": "be73beb4-3d0a-4a4a-a151-1b682424f821",
   "metadata": {},
   "outputs": [],
   "source": [
    "eigenvalues, eige"
   ]
  }
 ],
 "metadata": {
  "kernelspec": {
   "display_name": "Python (deeplearning)",
   "language": "python",
   "name": "deeplearning"
  },
  "language_info": {
   "codemirror_mode": {
    "name": "ipython",
    "version": 3
   },
   "file_extension": ".py",
   "mimetype": "text/x-python",
   "name": "python",
   "nbconvert_exporter": "python",
   "pygments_lexer": "ipython3",
   "version": "3.10.20"
  }
 },
 "nbformat": 4,
 "nbformat_minor": 5
}
